gaia_catalog.ecsv
# %ECSV 0.9
# ---
# datatype:
# - {name: id, datatype: int64}
# - {name: skycoord.ra, unit: deg, datatype: float64}
# - {name: skycoord.dec, unit: deg, datatype: float64}
# - {name: flux, datatype: float64}
# - {name: mag, datatype: float32}
# meta: !!omap
# - __serialized_columns__:
#     skycoord:
#       __class__: astropy.coordinates.sky_coordinate.SkyCoord
#       dec: !astropy.table.SerializedColumn
#         __class__: astropy.coordinates.angles.Latitude
#         unit: &id001 !astropy.units.Unit {unit: deg}
#         value: !astropy.table.SerializedColumn {name: skycoord.dec}
#       frame: icrs
#       ra: !astropy.table.SerializedColumn
#         __class__: astropy.coordinates.angles.Longitude
#         unit: *id001
#         value: !astropy.table.SerializedColumn {name: skycoord.ra}
#         wrap_angle: !astropy.coordinates.Angle
#           unit: *id001
#           value: 360.0
#       representation_type: spherical
# schema: astropy-2.0
id skycoord.ra skycoord.dec flux mag
[from data line 235]
236 92.32128068940183 24.07367683841392 50556.72740833396 13.002473
237 92.55859540958954 24.22875481000451 10753.413658657475 14.683054
238 92.17865188435178 24.494142768336133 11256.004135292958 14.633459
239 92.53719981448346 24.185483575239672 12047.4324025131 14.559684
240 92.55989606655253 24.37936369006325 75553.9983608829 12.566277
241 92.4404559280166 24.098798339258167 30927.2730551189 13.536066
242 92.27510031380656 24.532121222375892 32394.737481407647 13.485734
243 92.14760407242623 24.47696656193598 43131.91056851568 13.174923
244 92.13734364636439 24.13788364531008 16461.20351406456 14.220766
245 92.23131423352784 24.08228771440922 76526.4331218853 12.552391
246 92.08284113413703 24.209335561918795 20480.602281702664 13.983563
247 92.07859378475551 24.21680110087704 15252.683855751291 14.303555
248 92.39229022138478 24.531797058799103 12500.03006037951 14.519642
249 92.3556495807028 24.067700683894945 50829.435170787976 12.996632
250 92.17722913160767 24.103498239279567 26577.747868906183 13.700624
251 92.50259219110185 24.475777819374905 12142.26335484931 14.551171
252 92.09359444878612 24.18063058173853 30327.36271333184 13.557333
253 92.15838986163166 24.113396132429944 33622.99680770682 13.445329
254 92.07888378494282 24.204369927205246 9417.788774295434 14.827047
255 92.44043758992396 24.0885080348276 273310.5482124495 11.170279
256 92.50860288014285 24.474834025745555 9189.315504848631 14.853712
257 92.46358620745447 24.098661399984596 11063.688555931067 14.65217
258 92.37596586052993 24.065811310680886 8208.153284526572 14.976306
259 92.16993292822674 24.10274517044883 8211.98584789387 14.9758
260 92.07396092649981 24.207075398199407 14941.910775812106 14.325905
261 92.31279810848974 24.547926077925414 25680.778005791206 13.7379
262 92.36521755149836 24.544786367072483 8463.551005045329 14.943038
263 92.35514800141435 24.060494603332206 27679.425448084716 13.6565275
264 92.10620450312898 24.15481830491345 22603.789224993354 13.876467
265 92.09443855360925 24.442568925487684 13429.482024598841 14.4417715
266 92.48239670959089 24.5044414251842 9273.77412044502 14.843779
267 92.52756060075654 24.140712336975817 10330.791153046792 14.726586
268 92.07624209247652 24.41742428087013 9475.34678095751 14.820433
269 92.54726666972627 24.444856737991927 15748.000073156772 14.268856
270 92.16671061816108 24.511885842115777 8805.315630642717 14.900058
271 92.39849339374304 24.544183035314358 21216.45686436806 13.945238
272 92.1919842645233 24.080234353231198 9857.733453656301 14.777477
273 92.19426911504608 24.528603462502094 11941.656649216824 14.569259
274 92.10149716887516 24.46059997954246 37474.65995640495 13.327576
275 92.40378552621277 24.54561390408818 249326.924298265 11.269997
276 92.22227690055203 24.54192330088581 31379.153012441406 13.520317
277 92.12227671813741 24.48337666213248 28853.706238643317 13.611416
278 92.13063623772662 24.491167010872275 73588.07730845334 12.594901
279 92.42043484822125 24.065217701458035 10313.17392409381 14.728439
280 92.56301066350488 24.173401723862714 89464.87235950204 12.382789
281 92.2341719010729 24.058552846610002 129784.46963144653 11.978863
282 92.4155326566646 24.547643322867728 12757.661723152933 14.497492
283 92.24232910327174 24.553178903750283 54324.701653241566 12.924427
284 92.12812710789825 24.1116936376085 68824.8336378173 12.667557
285 92.08674413036304 24.45508591337158 19965.074191461954 14.011243
286 92.51825325149007 24.492557471630537 22346.689539020073 13.888887
287 92.49262801912188 24.515707567824904 35286.46874317989 13.3928995
288 92.08211466435695 24.152791385943413 90952.70333629934 12.364881
289 92.55130923854185 24.14155842703734 290893.0326904029 11.102587
290 92.21347448294715 24.05551123423874 33029.16341090673 13.464676
291 92.09316647804151 24.13529668905631 79312.97580683541 12.513559
292 92.50777567104049 24.09717851975641 8920.804894703135 14.88591
293 92.16092547539515 24.07731869030294 13870.405951445551 14.406697
294 92.175904871274 24.53935670222116 26342.38541112414 13.710282
295 92.15181444612581 24.081385042805685 21562.26391571661 13.927684
296 92.07101629216598 24.450517209588565 9516.102007803 14.815772
297 92.56257176842294 24.146140472789487 13253.98799535273 14.456054
298 92.18804759113331 24.059491221015524 25918.608804416308 13.727891
299 92.08938362887686 24.476312932260615 9911.759554915538 14.7715435
300 92.10763384262391 24.497286701779615 42250.13254054178 13.19735
301 92.45959741593519 24.547742161906918 224668.99191782455 11.383062
302 92.55555888997216 24.130922539124626 17244.42101589633 14.170299
303 92.56963088108718 24.143790573920427 13952.603468679616 14.400282
304 92.11985211492147 24.087796167827133 117914.18707699896 12.083005
305 92.0918887540609 24.109121792841812 102455.87287182765 12.235578
306 92.54512677643964 24.104537792602898 29619.018984754202 13.5829935
307 92.51594753381033 24.07608478322456 18831.7442343023 14.074694
308 92.07314447282545 24.486351060677872 360422.8584422057 10.869889
309 92.55082264139419 24.513900493102877 14286.610100022419 14.374597
310 92.11583437220375 24.071801959920414 230269.11193777088 11.356331
311 92.0773991333632 24.503015451004096 9067.364988147485 14.868217
312 92.56817363607875 24.089571088594543 22735.328495734557 13.870167
313 92.11547483923559 24.55325962712154 9551.65512105082 14.811724
314 92.56590791891054 24.076085534686992 30227.37799595881 13.560919
315 92.08635304421553 24.54418589700041 155135.93537380514 11.785139
316 92.54827298706772 24.05519334882358 9265.369776443027 14.844763
317 92.55778171230793 24.05861442385964 8050.611580432845 14.997348
