gaia_catalog.ecsv
# %ECSV 0.9
# ---
# datatype:
# - {name: id, datatype: int64}
# - {name: skycoord.ra, unit: deg, datatype: float64}
# - {name: skycoord.dec, unit: deg, datatype: float64}
# - {name: flux, datatype: float64}
# - {name: mag, datatype: float32}
# meta: !!omap
# - __serialized_columns__:
#     skycoord:
#       __class__: astropy.coordinates.sky_coordinate.SkyCoord
#       dec: !astropy.table.SerializedColumn
#         __class__: astropy.coordinates.angles.Latitude
#         unit: &id001 !astropy.units.Unit {unit: deg}
#         value: !astropy.table.SerializedColumn {name: skycoord.dec}
#       frame: icrs
#       ra: !astropy.table.SerializedColumn
#         __class__: astropy.coordinates.angles.Longitude
#         unit: *id001
#         value: !astropy.table.SerializedColumn {name: skycoord.ra}
#         wrap_angle: !astropy.coordinates.Angle
#           unit: *id001
#           value: 360.0
#       representation_type: spherical
# schema: astropy-2.0
id skycoord.ra skycoord.dec flux mag
1 92.32377429163394 24.30314170109761 30256.1979191432 13.559884
2 92.32854184439977 24.308206216012305 9234.997873861701 14.848328
3 92.3144959151047 24.28522952199215 8634.721881622054 14.921299
4 92.29160091706086 24.300815619084222 27277.822851442546 13.672396
5 92.35003634627665 24.314427649994588 8194.688873044313 14.978088
6 92.33651531032429 24.33175646731799 11205.261188351977 14.638365
7 92.28425327240821 24.295788905191934 9573.990728057144 14.809188
8 92.28282404239255 24.305300264784957 201471.41598998147 11.501387
9 92.29521889183081 24.329316140383302 11426.361313151185 14.61715
10 92.29944333786113 24.274132722134272 27002.19199882177 13.683422
11 92.34264715879252 24.273155597977738 118056.08636093653 12.081699
12 92.36133536310462 24.301730278058855 21939.354965038052 13.90886
13 92.3528139949865 24.274074237936638 100514.7948639353 12.256345
14 92.34491789551645 24.340604757945314 286535.75621959846 11.118973
15 92.35507746284722 24.338623462849004 22521.850456260654 13.88041
16 92.36932394860739 24.322027005822843 69524.40879058703 12.656577
17 92.32196658342725 24.353186292490193 30388.428991193035 13.555149
18 92.2635149278891 24.281822644298433 8503.609869414993 14.937912
19 92.37150676298036 24.337098455699703 11504.520992906768 14.609749
20 92.27116355922529 24.34421146865477 306204.9307548415 11.046889
21 92.3688079963805 24.25866328340264 15053.028466340762 14.317861
22 92.39225385418281 24.302519369583624 12262.44817308793 14.540477
23 92.3363138302718 24.369179557739866 527369.3203385914 10.456633
24 92.3729403118554 24.350925817170943 23223.512355211646 13.8471
25 92.25290976726922 24.27106894600813 13117.379343933064 14.467302
26 92.35618101252643 24.36684651559073 134339.49351346542 11.941411
27 92.24166291423295 24.298585886805665 12310.839001935858 14.536201
28 92.34328915698832 24.233682911576626 63691.83176817794 12.751711
29 92.394167068099 24.27031206172304 108805.51443387214 12.170293
30 92.24234815769202 24.3287293005139 11851.048700197982 14.577528
31 92.363782487005 24.3678693357764 237354.2218745616 11.323427
32 92.33356148971413 24.378897599594538 28465.74727320386 13.626114
33 92.35065309724116 24.23113341869928 88825.2048623115 12.390579
34 92.26216405362733 24.36482343787012 213645.5893690208 11.437685
35 92.40910367987361 24.314432784953066 59536.508685920024 12.824962
36 92.24622239724332 24.349950803042535 16869.184179239695 14.194185
37 92.39666606233702 24.256961955799863 12359.767436631693 14.531895
38 92.28914873269305 24.223913276380515 543782.2890983527 10.423357
39 92.22929325942863 24.285922251824875 21144.63588827258 13.948919
40 92.28080458356129 24.222214658297364 598307.0727332847 10.31961
41 92.3160865673565 24.214380465010144 212880.8929916884 11.441578
42 92.25908956679226 24.374280107119173 570131.4612418602 10.371983
43 92.40929278180553 24.26377818722883 11805.860910217894 14.581676
44 92.33566729947418 24.39327946857962 353360.8241203999 10.891374
45 92.23108706165804 24.26103781869561 21290.71717716912 13.941444
46 92.22060668910933 24.288989235843424 26735.468779317005 13.6942005
47 92.2727917636689 24.219088817128245 76339.90525438024 12.555041
48 92.25004661545948 24.37382791399873 86256.59563614718 12.42244
49 92.39491938565925 24.37123636838743 41330.61382619862 13.22124
50 92.41911197297021 24.2641083713323 136849.9887662546 11.9213085
51 92.38522626235108 24.22012326375681 40327.094540341684 13.247928
52 92.24059752442237 24.22998672706758 102034.71554270071 12.24005
53 92.22153440219364 24.251747639926343 8705.051193980522 14.912492
54 92.34895542798348 24.404187857995677 109929.35986276562 12.159136
55 92.3817477278928 24.215732325117603 29037.08942142804 13.604537
56 92.38422669488918 24.390878072240337 382375.787435704 10.805694
57 92.26684167680007 24.396744468527142 73090.2153708801 12.602272
58 92.37230830637927 24.399360262659474 62537.41409843865 12.77157
59 92.3983549999244 24.22338413459759 89746.144652993 12.37938
60 92.2257053007232 24.369266676485122 425928.91033078486 10.688578
61 92.24312714567516 24.386587883777658 29625.73395967936 13.582747
62 92.29510882257621 24.196866385432287 8280.689782111102 14.966754
63 92.34240127253824 24.196070792184443 20954.28570861394 13.958737
64 92.21524071365491 24.35712933163415 420961.7196815616 10.701313
65 92.22357008423153 24.236759107624213 65860.99613651213 12.715349
66 92.36968086673403 24.408591294252634 9243.38312043657 14.8473425
67 92.24699548853806 24.210530362176677 17106.429456836133 14.179022
68 92.19963032166797 24.336347184316967 44797.698314345485 13.1337805
69 92.19109198621926 24.30620698717342 10135.792354946521 14.747275
70 92.32200707909244 24.421237969387505 80949.36729815407 12.491386
71 92.20723116141646 24.370033999641873 22368.527232716344 13.887827
72 92.18603005930352 24.317919777436817 249037.38028884583 11.271258
73 92.21015214137893 24.375144320021267 40990.26810674697 13.230218
74 92.37343288821091 24.417364947843208 53356.436817910406 12.943953
75 92.3508561333208 24.424249379022008 137686.89318498765 11.914688
76 92.44610255732844 24.35233443379319 8895.042248645614 14.88905
77 92.45737941983002 24.29289123366898 10338.208169940932 14.725807
78 92.43456976136054 24.374163008392447 88381.31037014199 12.396019
79 92.23756472379044 24.201280209892257 18132.65908424303 14.115767
80 92.28924061233977 24.17919302700322 8486.385194059165 14.940113
81 92.33984023823541 24.430762222042823 14369.919140539469 14.368284
82 92.32517942580633 24.17447601501626 56243.84955383523 12.886732
83 92.41263296810645 24.406796468413848 12547.279642935579 14.515546
84 92.42212837827212 24.20789815954789 8366.090914601686 14.955613
85 92.2926229579175 24.168546403085355 13063.516919791278 14.471769
86 92.47243857686956 24.302249165403907 53721.59295057701 12.936548
87 92.17934521309428 24.2487553385048 8951.887881819495 14.8821335
88 92.45515393459583 24.369714501182777 86836.27807242199 12.415167
89 92.43924297407605 24.214512183713378 648285.4850194225 10.232504
90 92.44772532794742 24.385679770822268 55623.97016371762 12.898765
91 92.34765529174516 24.162259412573597 60395.0451869038 12.809417
92 92.38185899581272 24.436654165565074 15004.476069841243 14.321368
93 92.16157562778092 24.298481647591597 286201.5409115091 11.12024
94 92.4560322391053 24.378695720267196 30163.23027059325 13.563226
95 92.20702920148734 24.406868519336314 32210.767210924605 13.491918
96 92.17090111528519 24.358611961643117 162861.9108860132 11.732371
97 92.19519332962005 24.39619810562542 234718.38572090093 11.335552
98 92.27664512023283 24.44490627678032 9781.476844399978 14.785909
99 92.45391158847501 24.220696393235595 21802.411660449674 13.915659
100 92.16701291998287 24.3537422836783 32226.78396183721 13.491378
101 92.30258653424903 24.453386772033337 37732.512416279824 13.32013
102 92.33348753672276 24.453835590293792 54234.312962244025 12.926234
103 92.46632390524483 24.376321175878747 12474.115418770278 14.521895
104 92.46329335875939 24.225662864378865 19761.785924030115 14.022354
105 92.21574436553202 24.184813934503012 11211.437309505081 14.637767
106 92.27674304942799 24.155815840647467 84647.98906513304 12.442879
107 92.4800922492158 24.353198893595966 36915.10832188415 13.343909
108 92.43168176785615 24.42200704630812 11508.641988754815 14.60936
109 92.41978522518276 24.17588990805086 10976.492161041097 14.660761
110 92.17219014841424 24.22355220660885 19268.432133507133 14.049804
111 92.4353507859406 24.186753091652115 9343.640000045587 14.835629
112 92.15884309010814 24.358682315191366 11766.849387722572 14.58527
113 92.36844049386052 24.45574493125593 38639.50642934261 13.294341
114 92.35157178460142 24.147060849519438 150560.88678155816 11.817639
115 92.17242237900209 24.389335413744988 22647.005976681303 13.874393
116 92.22951286121275 24.441880925778257 8784.846535673354 14.902584
117 92.39048187907756 24.45187751245288 17549.171331143163 14.1512785
118 92.42566701720752 24.172522318695297 22966.74717661158 13.859171
119 92.24219651586724 24.449913602617947 36020.75448994052 13.370538
120 92.49596397091173 24.27347292779026 16732.369715327564 14.203027
121 92.17889953675727 24.405558228168363 78289.79476999411 12.5276575
122 92.28185623618057 24.46488355892961 24827.189171433776 13.774601
123 92.5007484985702 24.32223474922856 36761.95582978379 13.348423
124 92.40124884344033 24.452251368193902 18466.749751403993 14.095943
125 92.21364984390767 24.43954898858094 15978.635633649648 14.253071
126 92.3809061067977 24.46377389191148 15010.144066007115 14.320958
127 92.48784475072478 24.229796680908418 33251.7397370312 13.457384
128 92.4749814697497 24.208181298250068 40921.5087535481 13.232041
129 92.14275461589642 24.35996891687064 8983.939711876532 14.878253
130 92.42331093915301 24.15978973802825 9408.814731925595 14.828083
131 92.22041754982045 24.449383541172875 35919.46489693931 13.373595
132 92.2444255644596 24.46157923948219 29406.06958853072 13.590828
133 92.20582453451209 24.16532848709786 78873.34327387996 12.519594
134 92.50727926297986 24.336692050208026 12965.50119803608 14.479947
135 92.1489238937834 24.225387842867743 8627.934842475916 14.9221525
136 92.28573974448167 24.130970249363813 19467.701729754936 14.038633
137 92.13729157706388 24.24824270772139 9046.69642168896 14.870695
138 92.13993994673629 24.239976985199505 72709.56006831604 12.607942
139 92.49002401914699 24.216773621234957 22167.4535881956 13.897631
140 92.341421079803 24.480428140250524 42491.982416792605 13.191153
141 92.17896858779885 24.1792130497465 9331.609171836897 14.8370285
142 92.14287569175752 24.225112870599748 38824.19517351258 13.289164
143 92.37922256234651 24.475310919529093 19515.71258254651 14.035959
144 92.1983739102331 24.161721956496027 9449.370598155247 14.823413
145 92.37411219436231 24.477555068986625 37708.95076756317 13.320808
146 92.12354447642014 24.273336580567662 12979.733156319824 14.478756
147 92.50658605710287 24.238776109191612 59378.68858987562 12.827844
148 92.50130171014513 24.223591753328176 9991.125467918311 14.762884
149 92.35929252589717 24.48396104296633 25525.832360363718 13.744471
150 92.5142695701054 24.354484258945867 11145.503974317839 14.644171
151 92.52235682122276 24.30086235168856 10013.496057447479 14.760456
152 92.50535155576416 24.228624227542923 14803.10130356435 14.336039
153 92.39708287750264 24.132372669790772 13507.43761997232 14.435488
154 92.18925242045147 24.445292025947886 9574.73858614393 14.809103
155 92.13413420379113 24.37999074094207 14712.643810564947 14.342693
156 92.25163672135385 24.47921618913928 35473.51311820641 13.387159
157 92.28796651679424 24.118198257130693 31252.256382516996 13.524716
158 92.43141571121843 24.461846905255765 85164.70733324563 12.436271
159 92.34287646531507 24.49048306356666 53931.74114892124 12.932309
160 92.32439568386701 24.114503962839894 166960.36539953222 11.705386
161 92.17905868638215 24.44278946450886 11661.67664634517 14.595017
162 92.11303114702852 24.32182855409075 289084.5728212774 11.109358
163 92.5290266075319 24.323590422058807 16419.29493765917 14.223534
164 92.24967197664864 24.122050585469463 24228.526787049395 13.801103
165 92.37370740551742 24.490549137607587 270161.4350383029 11.182861
166 92.4004895074112 24.48503344093505 78732.4571335849 12.521536
167 92.25897143647036 24.491990636850378 8696.774508598939 14.913525
168 92.53685968683706 24.303098344626505 11890.68507175019 14.573903
169 92.46759852017277 24.158422696095297 141433.90342353872 11.885536
170 92.3826237298115 24.49321374567083 28650.77484596344 13.619079
171 92.50098708628352 24.19361930185917 51050.3953692684 12.991922
172 92.29033753372543 24.49979946249458 39263.59202359554 13.276945
173 92.10182727022496 24.29613139459118 16431.91925169447 14.222699
174 92.13138368936659 24.20270777759956 13188.355372961172 14.461443
175 92.10668583253492 24.257761125814195 10435.765404631475 14.71561
176 92.50344534504337 24.41386681440684 15823.20630277599 14.263683
177 92.27401261540018 24.107812509851815 30837.987129312965 13.539205
178 92.10063789429039 24.312791070025487 10699.56489125184 14.688504
179 92.53764521619762 24.33594665442945 48564.03667819561 13.046133
180 92.40665476255657 24.117602010902953 15641.131689114603 14.27625
181 92.34345732252447 24.10220368953416 9348.572134159467 14.835056
182 92.09953318539081 24.32835180601609 16705.931710613902 14.204743
183 92.10539113722439 24.35615286751401 9677.531611957083 14.797508
184 92.3748455438748 24.106165562709283 205958.63887625214 11.47747
185 92.26219915336594 24.500497067125444 14531.10760726906 14.3561735
186 92.28234490012605 24.505014665037262 41762.77255626089 13.209947
187 92.53929516400684 24.349537843423697 12540.871386592045 14.516101
188 92.16613799482116 24.453203569913327 65259.664736800245 12.725307
189 92.54186143205803 24.265043213222352 14907.798855176712 14.328386
190 92.39845180824652 24.496947723918723 12341.96692956528 14.533459
191 92.3121253797522 24.097126238184632 73004.95685217997 12.603539
192 92.19371675342373 24.132048130706043 23634.18768804827 13.828069
193 92.24508643280458 24.500568983828806 27384.188190801175 13.66817
194 92.53104445319688 24.385951409070568 12638.455222349294 14.507685
195 92.16722862342364 24.45953818231954 122495.21045938325 12.041622
196 92.31540740954695 24.513490706220917 13380.414278824896 14.445746
197 92.48561941180425 24.45063586917595 113346.44897417088 12.1259
198 92.21567491525776 24.49145624129473 8161.8333691443695 14.9824505
199 92.55167367697842 24.297454535298105 117938.65882231838 12.08278
200 92.09471517630178 24.351863438612387 20178.905839169678 13.999676
201 92.24881378186997 24.50464647385563 146009.4503284213 11.850967
202 92.40917704401679 24.10799971443402 29284.22140192453 13.595336
203 92.132681355184 24.177355865751363 24607.18336717756 13.7842655
204 92.1410015911441 24.44022682128366 35767.09956962712 13.378211
205 92.39217038389482 24.506554490911196 11195.21396786109 14.639339
206 92.43478581246006 24.116293995141472 22067.215036700047 13.902551
207 92.26701434463605 24.09380867824702 40353.5974755715 13.247214
208 92.25880366948228 24.095215010154572 18144.473702911895 14.115059
209 92.54906753223997 24.361542564737142 23605.136054505718 13.829404
210 92.50754656283611 24.169900079384657 9168.172555493351 14.856213
211 92.38802545155227 24.511412260648818 11707.65680090089 14.590745
212 92.45955601260508 24.47948555018916 31277.60200382507 13.523836
213 92.31969643921347 24.52056011113717 14683.463296212298 14.344849
214 92.27468338359992 24.516632423041386 11529.24159352018 14.607418
215 92.44383002895756 24.11740139994386 9924.721449806182 14.770124
216 92.54648136193086 24.233761257699342 14465.081322588569 14.361117
217 92.4743833838289 24.137134167707043 10114.564641741275 14.749552
218 92.34817857694277 24.520963352002276 10466.29431792885 14.712438
219 92.14627158977225 24.454693328628704 11836.913224908852 14.578824
220 92.11886049614162 24.424540805228354 14327.398804386985 14.371502
221 92.33803612353186 24.083717951789012 9176.757890710172 14.855197
222 92.09682129400905 24.388286487429788 84407.75982652984 12.445964
223 92.43174399985604 24.50093012488301 45716.251730720476 13.111743
224 92.48532267083615 24.46741041337745 32752.073636745172 13.473823
225 92.31313246371492 24.079818986332715 36430.711102329835 13.358251
226 92.12625542977041 24.44120646135339 15662.603937411934 14.27476
227 92.5057193681369 24.451690152604765 290446.03002540435 11.104257
228 92.30161993907684 24.079228861566317 16879.397548521643 14.193527
229 92.15385800692728 24.47154666272519 31076.381873161976 13.530844
230 92.07377646537176 24.274730823429877 8472.861365279965 14.941845
231 92.15898304736326 24.47625035901506 8879.198400959054 14.8909855
232 92.17670482697534 24.488799501033093 33826.311318132415 13.438784
233 92.34151597063622 24.077236237137022 19077.363821636303 14.060624
234 92.2304079964868 24.089261289840792 72779.53860950224 12.606896
